Target
6.76371241339
0.678248967582
1.198519105
7.06036323843
5.92862016082
4.17435020052
-5.75545793041
-3.4994125111
3.93264981289
-1.68410645507
3.21012663622
5.15457502671
0.231510629543
4.14065712119
-2.92383644338
-2.86939178366
3.47693269631
-2.38637210242
3.68714629665
0.526630526112
1.84890525492
5.38465278012
6.15657985958
2.63235487251
9.77893385402
-2.08521266908
5.06147909824
-0.303866781275
0.386270145774
-2.75557346972
-4.08491127731
-1.07841906953
4.54855585036
-3.4783786687
-2.55785478516
-0.148318960537
6.99536101201
5.08970267844
0.505458610207
-0.676602685191
2.79741256639
-1.59093844517
3.95168892831
7.43811066836
2.74407297892
-2.33654472591
-0.584638824758
-1.72916124605
4.32744405984
-1.76686685454
-11.2072793125
-1.7402047275
-4.23613087677
3.01905090977
-2.39657007377
-0.0270838673323
2.05862816842
4.1957396265
-1.48118608237
1.63920129493
0.823185943574
8.10314065561
1.50700320743
2.86744942619
5.34263403522
9.55439518888
1.38994821267
-4.55099542198
7.12898447861
-0.431639423934
-4.16717168724
4.55675814488
5.12900275166
3.08507710571
1.96925452222
0.461010606393
-2.80826229732
-2.80190589738
3.13950118391
-1.22828525748
-0.194086758882
-1.41346954265
-5.00546905441
1.33002177735
1.29873334331
5.42621671378
5.04836518912
6.22600023197
3.05876341898
-0.78899540128
8.09523484173
-0.1889652098
1.69496915194
-0.0888696447355
4.46351937149
2.08317758237
-0.789036549671
1.82020901479
1.37172832128
0.0861179298201
1.27123815915
0.968976256606
-9.58087914322
2.23408735392
-3.52451786308
2.24490455332
2.78054650299
5.15833801787
3.15623342326
-0.324206479737
-3.6137381761
3.94568135631
5.94978552168
-3.52322976163
1.40792532327
9.84451459095
1.80999723429
4.06723365715
4.73849476629
2.66365423384
2.69213433724
1.85658511582
-3.68117046598
1.51823792047
-5.19464563639
-5.31066955133
1.01095052061
1.22613314621
0.00543821805501
2.46670584089
0.423904162805
4.01527577671
1.76976130049
-2.82777901892
3.75043500876
1.22665236784
5.43318881091
-9.68230300286
5.58270143282
-1.84028699082
0.702777829427
1.29694722776
-0.140553486545
0.451112672292
6.4492079639
-0.206393687098
1.10351586371
3.87515148824
-0.721045584038
3.06709370019
9.29120970938
4.86038523809
-5.50853531786
-3.21980087577
2.7647336475
3.05575609133
-0.155356935649
-1.01464645725
-3.66068050931
4.47295076072
-2.46296394564
3.87523451288
4.47881922231
-5.27333840279
-0.964512126508
-1.10627443895
2.22343655367
4.77253326555
-0.335398142649
4.1880097861
1.29077918307
-1.67648964672
1.82244323399
3.09915206904
-1.8475653195
-2.99148062903
1.34269930817
4.35470416463
0.990803766564
-0.0373911078319
3.43802595188
-0.326674152654
0.723426195386
-3.64772556024
0.0314804238253
6.48784483873
0.929157353205
-5.53295749579
7.45796012465
-0.485962905712
7.63521286868
8.96520004047
10.7418211413
-1.51321582834
10.6089946231
-1.76346158503
-3.50081306795
-3.66674401705
7.7190498296
5.21672931555
1.79059527062
-2.17149878429
-3.37557238711
-6.91513697712
4.33750564896
1.94566325474
-1.54651876741
-1.9491472246
1.11930881338
0.436501265749
-3.30571882549
2.32938131108
5.39097694416
-4.96713304723
-0.294948255849
-2.45604219386
2.84075512247
-0.395702344377
2.45356093224
-1.75430244609
-3.38395432443
5.09240090276
1.96440977866
-0.408176597948
5.64361700037
-0.797741374969
-6.51832123841
-2.07095802101
0.0903169750243
2.53067171801
-1.24470731469
2.42244314928
5.17415196822
2.89537078547
-0.685126258682
1.44656314962
3.53643444736
-1.80524483573
0.572382346847
1.53547555899
1.36041238724
0.607463538707
5.60526786911
0.426979572253
1.45818328685
1.59799216718
3.36289089291
3.22868516157
0.814761539356
3.60279130166
7.63039917022
-0.555185979726
0.872657739475
3.18233482051
-4.53715222404
-1.70320831971
1.94867806512
-1.86713575254
4.087564933
-0.450484073766
-0.750667224333
2.71383471311
0.431908747955
1.73929222598
8.45277654502
-2.36113066999
2.89352071457
-3.24476714296
-2.56160831151
-1.18010220484
2.6314299836
4.57306779956
0.268300450058
1.02919834821
1.96628349318
3.94055647501
1.4897606251
3.02216864492
-0.40271140846
3.36533813914
2.64284801245
-5.15944846788
-0.837745123977
0.686935671112
3.54903291626
0.435343967178
-3.48605070301
-2.07936955445
5.63177696317
1.29843629703
6.19862170837
-0.231378790702
0.0128214660677
1.08088756344
1.11697232941
-4.29797328052
0.841844955994
-3.2969213683
5.68520967163
0.214523784691
0.453000344689
-1.90671302376
1.815139896
0.827356326182
-1.79196180566
2.95473155137
6.09821866642
2.77983836842
4.71691438143
0.922460490105
4.10823477427
1.68550832015
-4.09750064401
1.63766793812
-1.9203754714
2.49589466458
0.757688798623
-3.71169220797
-3.62280179654
-0.0344503245557
1.75822486307
1.46002012969
5.73990323859
0.559869223878
-7.21399469632
-1.4136137818
4.27007658213
1.76161960474
2.46305591005
4.00401519731
5.21825721698
1.02935438672
-2.372890176
-0.726853119454
4.64753394122
1.52202252279
1.1047376298
3.73795713417
2.22795066066
-0.336998107024
-1.32355521459
3.64410812989
-0.828548680553
9.05036498934
-4.36126837969
4.11763478361
2.12415988983
3.25915053353
5.29028435903
-0.421985085241
-0.0484698175694
0.468751773229
4.15071273705
-2.97340169812
-3.14069863645
-7.74379691304
2.56012341565
0.823439632009
-6.01952416087
4.71471003583
3.7617649355
-5.15627361899
0.56565028238
-1.17926546087
5.2509940389
1.1315622897
8.89630157254
1.93700122483
0.660514093372
-1.04282183439
1.29619752524
7.3895041679
-11.2271016503
1.16949204623
12.2993106058
-0.544383019754
5.46623774669
2.83659801885
3.08331225297
3.10623870576
0.811147165179
4.1272981639
6.56006193843
0.459540398765
9.81206802604
5.70332814639
2.7978369534
7.88398644433
-1.0695308869
-1.03580814602
-11.0966150728
1.26377441922
-4.92136304245
-1.15780411874
1.86223499232
2.73935150291
-2.2623580664
2.26184978445
6.42681802149
-0.61906459056
-2.29015865113
1.32596062342
8.84031715765
-0.768739058333
1.07237616421
-2.6780062126
-5.45311560182
-2.11237682636
-2.44524254976
-0.510594729267
2.97041246233
0.425526069469
1.90539432664
2.40684012318
7.09063219494
-0.414918645369
-2.38883760678
2.03405738524
1.54218476442
2.8961814102
-1.8181333224
1.42310443613
-0.703176424999
-5.68148402294
0.33721426967
8.63079699159
-0.287838809975
1.545348475
-4.09424450816
4.51685889759
2.10399583922
5.4447243571
3.75840313915
0.0629243665726
-2.86241358829
-0.284074533422
6.99592881503
-4.86216585932
2.18342336882
1.54590318252
2.50456522681
-1.3442844766
-4.47115680557
-3.17705606151
8.13906992016
0.201520502709
1.57632084507
5.87290445174
-2.42941149988
3.48945489293
-1.53309580704
4.92959283775
6.79007567564
-6.48929137933
4.59687140574
-3.97901109215
1.48527151904
-2.07352089449
-3.24167904275
2.85968902632
-1.15532339888
2.2975680061
-0.652701077985
3.00795347825
9.32695039955
6.4158674001
8.38536053189
1.23899572581
-1.83861336295
-1.3894894379
2.71352527511
-2.85350454559
2.34794165428
-4.31535224819
0.201982288691
-2.73239160079
-0.0651095538222
5.26027801915
2.46517972477
5.04009425946
6.52347743417
0.552398419933
1.98325852221
0.551984947452
1.71506115678
7.84965177307
0.438314534921
-0.513277704431
1.39848139899
2.49802325987
1.79909979584
-0.124558604588
14.565297846
-3.9598860564
3.73688686035
-9.62366332716
-1.79285020347
4.13117056918
8.00641750662
1.08558820251
8.85785168684
-2.45465749355
1.04135392574
3.44336920763
-2.91242869742
2.93760326907
2.09526533544
0.912177126775
0.120421174162
1.06644280106
7.37226788929
0.744383133338
2.98266586241
0.2298869831
4.60210948272
2.19312103524
3.46999543245
1.1756725724
7.32532604157
4.40773168397
4.08951103942
-2.16111229893
1.08901202309
-6.53095879317
3.3790010232
6.07338874032
0.822402175981
0.809875455025
-7.36381931602
-1.38213432611
-0.905988472713
2.73007509567
2.33955272691
-4.15387327808
3.13225844285
-4.07306095328
5.68955415609
1.16957464625
1.42717251918
2.45964175508
-2.90581741849
-5.78896768375
-2.76182386451
5.38333718453
2.50363181551
6.40874439427
0.765210340531
-2.02752195198
-0.133635676288
-2.0122969026
1.61349804335
-2.54877288065
0.158476834827
-7.28817365155
-3.0095640913
1.70916165097
5.63719604872
7.81404037928
3.20739584564
7.13829519219
-1.61926389189
2.73775123655
3.39988952521
2.33915239335
4.05302673544
2.49254103148
0.96932379524
0.309901652804
1.45275293685
-1.52014444679
-5.58705758602
2.44096941526
1.3304773368
-1.93883526694
-3.02213648411
-0.0721893822427
-1.19757058652
-2.17256701555
-0.49417463646
-2.05775081702
7.61360289321
1.08370663151
-2.01782052973
3.44133173818
3.36951335203
-0.760954391273
-0.0628047951948
0.422360061844
-4.24162475438
3.11389166941
0.814089169502
-1.54156717429
-0.287697050348
0.363273853794
3.80223030755
-3.33306193785
1.70742593841
0.768328467819
-4.57790351448
1.45816439921
3.35399496827
-5.42211204331
6.50163780971
4.80619074059
1.77248294349
5.24728437062
1.54471856893
-3.77870575686
7.4956156177
5.50777784409
-2.14606154274
4.10031729117
3.26190757708
0.588697865415
-5.48873502742
3.18781777922
-1.88765604186
-0.77806805223
4.16184521109
-0.43197429374
-3.4595779311
-0.251941324004
1.2682406789
2.88134799898
7.59216812327
9.9126873348
4.17904378403
-0.223909213111
0.692900619217
-6.06535235915
1.93925429614
6.4888911677
-0.176345386669
-0.289141108823
-7.52555634633
2.24719520813
2.14227128715
-3.67854906968
-0.836467193768
1.07467205733
-0.278000078409
-2.4259584577
2.60960549847
-1.24256997356
-3.84366852308
1.62998599253
0.1682295477
-8.44092671993
0.00825795226186
2.74572759718
0.941175471802
-3.84972310836
-5.93412247867
1.63052907932
4.00077450567
4.01931436205
4.4487331663
11.4674023277
4.50468462498
6.36244512996
-3.30569909115
-5.34306077288
-2.29126415956
0.300537086171
5.54665170718
3.02697844405
-0.369970899008
3.73571382792
2.36743157261
2.26285153973
5.03326008264
-0.323173514178
2.41700929223
4.57367515377
3.1918685026
-0.405541145118
-4.79789614799
-2.70414793981
5.29149815149
4.2437188163
-0.753259086578
0.855331211846
-0.103871086776
3.80136840736
6.38760348078
0.374053660303
-0.289755292027
0.283876140642
-0.574313916592
4.19186072609
3.78588822182
0.908447157042
1.43774243756
-1.37198080168
-1.0019975291
0.494996206738
3.30382637685
-0.437769177798
3.7051768194
5.59950261936
-6.30226525392
-0.60547904644
-1.70110972054
0.706752703034
-0.195095853103
1.2360334268
5.03807120836
1.79072717722
-1.80278928697
-7.98628636428
2.46614164383
7.30779161673
-1.08448168316
0.0290665634113
1.85621440733
-2.2694850999
7.19563463111
0.414481847829
-1.28982092734
6.56527406192
3.81377871112
-6.08751292323
3.03366378736
0.979331357333
3.23336001351
-1.79798879434
4.46605679343
2.16875020204
2.89289587677
-1.50628048309
6.43339512228
2.78753352359
-4.38655696966
3.41020480234
10.0704516784
-5.12763647922
-3.86774751672
-5.93975524164
7.2547826765
-0.060189307247
-3.53042379322
-5.7961632341
-4.69132298509
5.55895053301
-1.53624729495
5.67031318114
8.81150090206
-1.90177867278
5.62862287807
-5.85109667392
0.604402026088
1.00709934845
10.5341226601
-1.15656573886
0.77263712536
-5.30891568713
-5.56531793962
5.95040523785
1.13546622243
8.15379690046
3.06773259074
-1.78377265303
-2.58818523468
5.75648954586
-1.34833412863
1.91005039472
10.8203140872
-1.66198614789
2.04162687108
-4.33393908442
-7.63784305911
-3.71048976146
8.26933271825
6.08543344473
2.56572035795
7.2241345002
-0.526851169792
1.63508861286
-5.85666160473
-3.0223879994
-3.40543251606
-2.03626942717
2.78141767946
2.14386898214
0.456338427235
-3.01763266408
-0.649474249749
8.05335577038
-0.269532556643
-0.109693442736
6.79110900236
-3.92756100194
10.8405160561
2.09537778358
0.43558412872
2.27036723696
0.0838678463791
-1.48026130108
-0.577932321063
2.8684226903
-0.398112677788
1.61546674037
-1.28663645112
-4.79959878089
2.48804276025
-0.390754889656
0.0126476997483
-5.90150325484
9.18493374435
0.322276216111
1.7563418108
-1.34403753144
-1.19514284194
3.09441979132
1.95077892929
-1.04724138901
-2.34179257384
3.57024036491
0.476298003007
-0.463837407475
-0.503639519265
3.34593316515
6.22114836031
3.26091017803
-0.212220157576
2.14691584053
-1.35166007395
8.5334195144
7.65351776295
2.85284932414
-6.07148433756
6.82856903296
-1.60644710022
1.17302536424
-6.19425135945
-0.133389852368
3.68854566871
5.07694385195
0.955243808704
1.90848617423
0.334010835156
2.15948532156
-5.43036006734
0.729176980512
0.0997364304026
-0.519616191346
-0.142442881024
-3.40467003045
1.12116293919
3.33740627422
-8.18084781488
-7.83622610549
0.345270871513
-1.29412486734
1.71774538611
5.47898698679
0.873094680214
3.5518555439
3.13675212478
-1.40803531043
1.92342354643
-4.78563916146
2.30855238719
-3.40279370729
3.1897634296
2.06977783226
11.342493237
0.394163993561
-3.32044302891
0.654639774627
3.77755726833
-6.14315539182
-0.675006590728
9.08467948097
2.05488775117
2.02912337163
-0.0298676420382
4.2215057576
12.3184550009
1.23300569656
2.10455168769
-2.61457263174
4.62510654858
1.89961623945
4.58088543774
3.27761017299
0.354341804409
4.89726613238
4.17185102146
1.68030352988
4.40534096401
4.13302279705
2.74279489507
-4.71781563433
4.72074580256
-0.797466974218
-1.01445472571
-0.434990256968
-2.09376349961
-2.59053455373
-2.00353902667
0.270854604703
-1.54163818255
1.19648216957
-4.50022090868
0.0327767541419
8.78102312467
1.97405937313
-2.37543535848
-6.88541656122
1.81327122074
-1.57408913879
-2.23212454605
2.29362316947
-2.85559157579
-0.449998857123
2.43623146435
0.203700873663
1.23184430576
-6.52729530344
3.12462666769
-2.04397855393
-2.72439719714
2.12935478239
4.36530111602
1.0640512653
2.6089194349
4.21875103871
2.23059336222
-2.90334905433
8.12325399541
2.25803300278
2.36107948849
1.17164156453
-9.99463868412
1.63420675815
-0.42674610231
1.59911979795
1.14217603259
2.59081637523
1.08026049891
5.2493683338
4.56688267392
-2.7043969497
-1.63561949243
-0.759985964266
-2.43543043032
3.05426275881
-1.19715598563
6.7966934868
-3.77623017063
6.74458885635
3.88147573007
3.94740676765
1.6375021166
-1.12599990589
0.614436535539
-0.437020408795
3.22365106128
-0.234302407957
3.59775257495
-4.32368009111
0.0134750135329
5.64358889594
7.85439866237
-4.20464502811
0.83298448765
7.1053373124
-0.434196357065
2.70770087952
3.71946990112
1.14894137326
6.92181502413
1.12961436159
-0.227616484633
6.29217763247
0.822960738873
3.35834113903
2.35032942917
-0.858632680185
4.87089336673
-1.72555208135
-4.55420234646
-1.53145972373
3.11740567869
-6.05323682906
1.09866761431
-1.23104220041
2.4367728983
5.33240644164
-0.3921710652
0.186297098535
-2.62579592696
5.6240651355
-2.6429276561
-2.90294220262
-0.545858200037
4.10295700417
3.02549213895
4.11863655643
